0.000000 	 1.000000 
0.240110 	 2.000000 
0.281010 	 3.000000 
0.281870 	 4.000000 
0.321920 	 5.000000 
0.322770 	 6.000000 
0.323620 	 7.000000 
0.324470 	 8.000000 
0.362820 	 9.000000 
0.363670 	 10.000000 
0.364520 	 11.000000 
0.365380 	 12.000000 
0.366250 	 13.000000 
0.367170 	 14.000000 
0.368050 	 15.000000 
0.368970 	 16.000000 
0.403720 	 17.000000 
0.404570 	 18.000000 
0.405430 	 19.000000 
0.406280 	 20.000000 
0.407130 	 20.050000 
0.407980 	 20.100000 
0.408840 	 20.150000 
0.409690 	 20.199000 
0.410540 	 20.249000 
0.411670 	 20.298000 
0.412590 	 20.347000 
0.413470 	 20.397000 
0.414390 	 20.446000 
0.415320 	 20.494000 
0.416170 	 20.543000 
0.417040 	 20.592000 
0.445220 	 20.641000 
0.446140 	 20.689000 
0.447070 	 20.737000 
0.447990 	 20.786000 
0.449030 	 20.834000 
0.449890 	 20.882000 
0.450740 	 20.930000 
0.451590 	 20.977000 
0.452460 	 21.025000 
0.453400 	 21.073000 
0.454250 	 21.120000 
0.455100 	 21.167000 
0.455960 	 21.215000 
0.456810 	 21.262000 
0.457660 	 21.309000 
0.458520 	 21.356000 
0.459440 	 21.403000 
0.460290 	 21.449000 
0.461150 	 21.496000 
0.462600 	 21.542000 
0.487360 	 21.589000 
0.498030 	 21.635000 
0.498880 	 21.681000 
0.499730 	 21.727000 
0.500590 	 21.773000 
0.501440 	 21.819000 
0.502290 	 21.865000 
0.503400 	 21.911000 
0.504250 	 21.957000 
0.505290 	 22.002000 
0.506230 	 22.048000 
0.507340 	 22.093000 
0.508270 	 22.138000 
0.509140 	 22.183000 
0.511070 	 22.228000 
0.511990 	 22.273000 
0.512510 	 22.318000 
0.513380 	 22.363000 
0.514310 	 22.408000 
0.515230 	 22.453000 
0.528260 	 22.497000 
0.538930 	 22.542000 
0.539780 	 22.586000 
0.540640 	 22.630000 
0.541490 	 22.674000 
0.542340 	 22.718000 
0.543190 	 22.762000 
0.544300 	 22.806000 
0.545160 	 22.850000 
0.546200 	 22.894000 
0.547130 	 22.938000 
0.548240 	 22.981000 
0.549170 	 23.025000 
0.550050 	 23.068000 
0.551970 	 23.112000 
0.552890 	 23.155000 
0.553740 	 23.198000 
0.554600 	 23.241000 
0.555450 	 23.284000 
0.556300 	 23.327000 
0.569160 	 23.370000 
0.579830 	 23.413000 
0.580690 	 23.455000 
0.581540 	 23.498000 
0.582390 	 23.541000 
0.583240 	 23.583000 
0.584100 	 23.626000 
0.585210 	 23.668000 
0.586060 	 23.710000 
0.587100 	 23.752000 
0.588030 	 23.794000 
0.589140 	 23.836000 
0.590080 	 23.878000 
0.590950 	 23.920000 
0.592870 	 23.962000 
0.593790 	 24.004000 
0.594650 	 24.045000 
0.595500 	 24.087000 
0.596350 	 24.129000 
0.597210 	 24.170000 
0.610070 	 24.211000 
0.620740 	 24.253000 
0.621590 	 24.294000 
0.622440 	 24.335000 
0.623290 	 24.376000 
0.624150 	 24.417000 
0.625000 	 24.458000 
0.626110 	 24.499000 
0.626960 	 24.540000 
0.628000 	 24.581000 
0.628940 	 24.621000 
0.630040 	 24.662000 
0.630980 	 24.702000 
0.631850 	 24.743000 
0.633780 	 24.783000 
0.634700 	 24.824000 
0.635550 	 24.864000 
0.636400 	 24.904000 
0.637260 	 24.944000 
0.638110 	 24.984000 
0.650970 	 25.024000 
0.661640 	 25.064000 
0.662490 	 25.104000 
0.663340 	 25.144000 
0.664200 	 25.184000 
0.665050 	 25.224000 
0.665900 	 25.263000 
0.667010 	 25.303000 
0.667860 	 25.342000 
0.668900 	 25.382000 
0.669840 	 25.421000 
0.670950 	 25.461000 
0.671880 	 25.500000 
0.672750 	 25.539000 
0.674680 	 25.578000 
0.675600 	 25.617000 
0.676450 	 25.656000 
0.677300 	 25.695000 
0.678160 	 25.734000 
0.679010 	 25.773000 
0.691870 	 25.812000 
0.702540 	 25.851000 
0.703390 	 25.889000 
0.704250 	 25.928000 
0.705100 	 25.967000 
0.705950 	 26.005000 
0.706800 	 26.044000 
0.707910 	 26.082000 
0.708770 	 26.120000 
0.709810 	 26.159000 
0.710740 	 26.197000 
0.711850 	 26.235000 
0.712780 	 26.273000 
0.713660 	 26.311000 
0.715580 	 26.349000 
0.716500 	 26.387000 
0.717350 	 26.425000 
0.718210 	 26.463000 
0.719060 	 26.501000 
0.719910 	 26.538000 
0.732770 	 26.576000 
0.743440 	 26.614000 
0.744300 	 26.651000 
0.745150 	 26.689000 
0.746000 	 26.726000 
0.746850 	 26.764000 
0.747710 	 26.801000 
0.748820 	 26.838000 
0.749670 	 26.876000 
0.750710 	 26.913000 
0.751640 	 26.950000 
0.752750 	 26.987000 
0.753690 	 27.024000 
0.754560 	 27.061000 
0.756480 	 27.098000 
0.757400 	 27.135000 
0.758260 	 27.172000 
0.759110 	 27.209000 
0.759960 	 27.245000 
0.760820 	 27.282000 
0.773680 	 27.319000 
0.784340 	 27.355000 
0.785200 	 27.392000 
0.786050 	 27.428000 
0.786900 	 27.465000 
0.787760 	 27.501000 
0.788610 	 27.538000 
0.789720 	 27.574000 
0.790570 	 27.610000 
0.791610 	 27.646000 
0.792540 	 27.683000 
0.793650 	 27.719000 
0.794590 	 27.755000 
0.795460 	 27.791000 
0.797380 	 27.827000 
0.798310 	 27.863000 
0.799160 	 27.899000 
0.800010 	 27.934000 
0.800860 	 27.970000 
0.801720 	 28.006000 
0.814580 	 28.042000 
0.825250 	 28.077000 
0.826100 	 28.113000 
0.826950 	 28.149000 
0.827810 	 28.184000 
0.828660 	 28.220000 
0.829510 	 28.255000 
0.830620 	 28.290000 
0.831470 	 28.326000 
0.832510 	 28.361000 
0.833450 	 28.396000 
0.834560 	 28.432000 
0.835490 	 28.467000 
0.836360 	 28.502000 
0.838290 	 28.537000 
0.839210 	 28.572000 
0.840060 	 28.607000 
0.840910 	 28.642000 
0.841770 	 28.677000 
0.842620 	 28.712000 
0.855480 	 28.747000 
0.866150 	 28.781000 
0.867000 	 28.816000 
0.867860 	 28.851000 
0.868710 	 28.885000 
0.869560 	 28.920000 
0.870410 	 28.955000 
0.871520 	 28.989000 
0.872380 	 29.024000 
0.873420 	 29.058000 
0.874350 	 29.093000 
0.875460 	 29.127000 
0.876390 	 29.161000 
0.877270 	 29.196000 
0.879190 	 29.230000 
0.880110 	 29.264000 
0.880960 	 29.298000 
0.881820 	 29.332000 
0.882670 	 29.366000 
0.883520 	 29.400000 
0.896380 	 29.434000 
0.907050 	 29.468000 
0.907900 	 29.502000 
0.908760 	 29.536000 
0.909610 	 29.570000 
0.910460 	 29.604000 
0.911320 	 29.638000 
0.912420 	 29.671000 
0.913280 	 29.705000 
0.914320 	 29.739000 
0.915250 	 29.772000 
0.916360 	 29.806000 
0.917300 	 29.840000 
0.918170 	 29.873000 
0.920090 	 29.907000 
0.921010 	 29.940000 
0.921870 	 29.973000 
0.922720 	 30.007000 
0.923570 	 30.040000 
0.924420 	 30.073000 
0.937290 	 30.107000 
0.947950 	 30.140000 
0.948810 	 30.173000 
0.949660 	 30.206000 
0.950510 	 30.239000 
0.951370 	 30.272000 
0.952220 	 30.305000 
0.953330 	 30.338000 
0.954180 	 30.371000 
0.955220 	 30.404000 
0.956150 	 30.437000 
0.957260 	 30.470000 
0.958200 	 30.503000 
0.959070 	 30.536000 
0.960990 	 30.568000 
0.961920 	 30.601000 
0.962770 	 30.634000 
0.963620 	 30.666000 
0.964470 	 30.699000 
0.965330 	 30.732000 
0.978190 	 30.764000 
0.988860 	 30.797000 
0.989710 	 30.829000 
0.990560 	 30.862000 
0.991420 	 30.894000 
0.992270 	 30.926000 
0.993120 	 30.959000 
0.994230 	 30.991000 
0.995080 	 31.023000 
0.996120 	 31.055000 
0.997060 	 31.088000 
0.998170 	 31.120000 
0.999100 	 31.152000 
0.999970 	 31.184000 
1.001900 	 31.216000 
1.002820 	 31.248000 
1.003670 	 31.280000 
1.004520 	 31.312000 
1.005380 	 31.344000 
1.006230 	 31.376000 
1.019090 	 31.408000 
1.029760 	 31.440000 
1.030610 	 31.471000 
1.031460 	 31.503000 
1.032320 	 31.535000 
1.033170 	 31.567000 
1.034020 	 31.598000 
1.035130 	 31.630000 
1.035980 	 31.662000 
1.037020 	 31.693000 
1.037960 	 31.725000 
1.039070 	 31.756000 
1.040000 	 31.788000 
1.040880 	 31.819000 
1.042800 	 31.851000 
1.043720 	 31.882000 
1.044570 	 31.913000 
1.045430 	 31.945000 
1.046280 	 31.976000 
1.047130 	 32.007000 
1.059990 	 32.039000 
1.070660 	 32.070000 
1.071510 	 32.101000 
1.072370 	 32.132000 
1.073220 	 32.163000 
1.074070 	 32.194000 
1.074930 	 32.225000 
1.076030 	 32.256000 
1.076890 	 32.287000 
1.077930 	 32.318000 
1.078860 	 32.349000 
1.079970 	 32.380000 
1.080900 	 32.411000 
1.081780 	 32.442000 
1.083700 	 32.473000 
1.084620 	 32.504000 
1.085480 	 32.534000 
1.086330 	 32.565000 
1.087180 	 32.596000 
1.088030 	 32.627000 
1.100900 	 32.657000 
1.111560 	 32.688000 
1.112420 	 32.718000 
1.113270 	 32.749000 
1.114120 	 32.779000 
1.114980 	 32.810000 
1.115830 	 32.840000 
1.116940 	 32.871000 
1.117790 	 32.901000 
1.118830 	 32.932000 
1.119760 	 32.962000 
1.120870 	 32.992000 
1.121810 	 33.023000 
1.122680 	 33.053000 
1.124600 	 33.083000 
1.125530 	 33.114000 
1.126380 	 33.144000 
1.127230 	 33.174000 
1.128080 	 33.204000 
1.128940 	 33.234000 
1.141800 	 33.264000 
1.152470 	 33.294000 
1.153320 	 33.324000 
1.154170 	 33.354000 
1.155020 	 33.384000 
1.155880 	 33.414000 
1.156730 	 33.444000 
1.157840 	 33.474000 
1.158690 	 33.504000 
1.159730 	 33.534000 
1.160670 	 33.564000 
1.161780 	 33.593000 
1.162710 	 33.623000 
1.163580 	 33.653000 
1.165510 	 33.683000 
1.166430 	 33.712000 
1.167280 	 33.742000 
1.168130 	 33.772000 
1.168990 	 33.801000 
1.169840 	 33.831000 
1.182700 	 33.860000 
1.193370 	 33.890000 
1.194220 	 33.919000 
1.195070 	 33.949000 
1.195930 	 33.978000 
1.196780 	 34.008000 
1.197630 	 34.037000 
1.198740 	 34.067000 
1.199590 	 34.096000 
1.200630 	 34.125000 
1.201570 	 34.155000 
1.202680 	 34.184000 
1.203610 	 34.213000 
1.204490 	 34.242000 
1.206410 	 34.272000 
1.207330 	 34.301000 
1.208180 	 34.330000 
1.209040 	 34.359000 
1.209890 	 34.388000 
1.210740 	 34.417000 
1.223600 	 34.446000 
1.234270 	 34.475000 
1.235120 	 34.504000 
1.235980 	 34.533000 
1.236830 	 34.562000 
1.237680 	 34.591000 
1.238540 	 34.620000 
1.239640 	 34.649000 
1.240500 	 34.678000 
1.241540 	 34.707000 
1.242470 	 34.735000 
1.243580 	 34.764000 
1.244510 	 34.793000 
1.245390 	 34.822000 
1.247310 	 34.850000 
1.248230 	 34.879000 
1.249090 	 34.908000 
1.249940 	 34.936000 
1.250790 	 34.965000 
1.251640 	 34.994000 
1.264500 	 35.022000 
1.275170 	 35.051000 
1.276030 	 35.079000 
1.276880 	 35.108000 
1.277730 	 35.136000 
1.278580 	 35.165000 
1.279440 	 35.193000 
1.280550 	 35.222000 
1.281400 	 35.250000 
1.282440 	 35.278000 
1.283370 	 35.307000 
1.284480 	 35.335000 
1.285420 	 35.363000 
1.286290 	 35.392000 
1.288210 	 35.420000 
1.289140 	 35.448000 
1.289990 	 35.476000 
1.290840 	 35.505000 
1.291690 	 35.533000 
1.292550 	 35.561000 
1.305410 	 35.589000 
1.316080 	 35.617000 
1.316930 	 35.645000 
1.317780 	 35.673000 
1.318630 	 35.701000 
1.319490 	 35.729000 
1.320340 	 35.757000 
1.321450 	 35.785000 
1.322300 	 35.813000 
1.323340 	 35.841000 
1.324280 	 35.869000 
1.325380 	 35.897000 
1.326320 	 35.925000 
1.327190 	 35.953000 
1.329120 	 35.980000 
1.330040 	 36.008000 
1.330890 	 36.036000 
1.331740 	 36.064000 
1.332600 	 36.091000 
1.333450 	 36.119000 
1.346310 	 36.147000 
1.356980 	 36.174000 
1.357830 	 36.202000 
1.358680 	 36.230000 
1.359540 	 36.257000 
1.360390 	 36.285000 
1.361240 	 36.312000 
1.362350 	 36.340000 
1.363200 	 36.368000 
1.364240 	 36.395000 
1.365180 	 36.423000 
1.366290 	 36.450000 
1.367220 	 36.477000 
1.368100 	 36.505000 
1.370020 	 36.532000 
1.370940 	 36.560000 
1.371790 	 36.587000 
1.372650 	 36.614000 
1.373500 	 36.642000 
1.374350 	 36.669000 
1.387210 	 36.696000 
1.397880 	 36.723000 
1.398730 	 36.751000 
1.399590 	 36.778000 
1.400440 	 36.805000 
1.401290 	 36.832000 
1.402140 	 36.859000 
1.403250 	 36.886000 
1.404110 	 36.914000 
1.405150 	 36.941000 
1.406080 	 36.968000 
1.407190 	 36.995000 
1.408120 	 37.022000 
1.409000 	 37.049000 
1.410920 	 37.076000 
1.411840 	 37.103000 
1.412700 	 37.130000 
1.413550 	 37.157000 
1.414400 	 37.184000 
1.415250 	 37.210000 
1.428110 	 37.237000 
1.438780 	 37.264000 
1.439640 	 37.291000 
1.440490 	 37.318000 
1.441340 	 37.345000 
1.442190 	 37.371000 
1.443050 	 37.398000 
1.444160 	 37.425000 
1.445010 	 37.452000 
1.446050 	 37.478000 
1.446980 	 37.505000 
1.448090 	 37.532000 
1.449030 	 37.558000 
1.449900 	 37.585000 
1.451820 	 37.612000 
1.452740 	 37.638000 
1.453600 	 37.665000 
1.454450 	 37.691000 
1.455300 	 37.718000 
1.456160 	 37.744000 
1.469020 	 37.771000 
1.479690 	 37.797000 
1.480540 	 37.824000 
1.481390 	 37.850000 
1.482240 	 37.877000 
1.483100 	 37.903000 
1.483950 	 37.929000 
1.485060 	 37.956000 
1.485910 	 37.982000 
1.486950 	 38.008000 
1.487890 	 38.035000 
1.488990 	 38.061000 
1.489930 	 38.087000 
1.490800 	 38.114000 
1.492730 	 38.140000 
1.493650 	 38.166000 
1.494500 	 38.192000 
1.495350 	 38.218000 
1.496210 	 38.245000 
1.497060 	 38.271000 
1.509920 	 38.297000 
1.520590 	 38.323000 
1.521440 	 38.349000 
1.522290 	 38.375000 
1.523150 	 38.401000 
1.524000 	 38.427000 
1.524850 	 38.453000 
1.525960 	 38.479000 
1.526810 	 38.505000 
1.527850 	 38.531000 
1.528790 	 38.557000 
1.529900 	 38.583000 
1.530830 	 38.609000 
1.531700 	 38.635000 
1.533630 	 38.661000 
1.534550 	 38.687000 
1.535400 	 38.713000 
1.536260 	 38.738000 
1.537110 	 38.764000 
1.537960 	 38.790000 
1.550820 	 38.816000 
1.561490 	 38.842000 
1.562340 	 38.867000 
1.563200 	 38.893000 
1.564050 	 38.919000 
1.564900 	 38.944000 
1.565750 	 38.970000 
1.566860 	 38.996000 
1.567720 	 39.021000 
1.568760 	 39.047000 
1.569690 	 39.073000 
1.570800 	 39.098000 
1.571730 	 39.124000 
1.572610 	 39.149000 
1.574530 	 39.175000 
1.575450 	 39.200000 
1.576300 	 39.226000 
1.577160 	 39.251000 
1.578010 	 39.277000 
1.578860 	 39.302000 
1.591720 	 39.328000 
1.602390 	 39.353000 
1.603250 	 39.379000 
1.604100 	 39.404000 
1.604950 	 39.429000 
1.605800 	 39.455000 
1.606660 	 39.480000 
1.607770 	 39.505000 
1.608620 	 39.531000 
1.609660 	 39.556000 
1.610590 	 39.581000 
1.611700 	 39.607000 
1.612640 	 39.632000 
1.613510 	 39.657000 
1.615430 	 39.682000 
1.616350 	 39.708000 
1.617210 	 39.733000 
1.618060 	 39.758000 
1.618910 	 39.783000 
1.619770 	 39.808000 
1.632630 	 39.833000 
1.643300 	 39.858000 
1.644150 	 39.883000 
1.645000 	 39.909000 
1.645850 	 39.934000 
1.646710 	 39.959000 
1.647560 	 39.984000 
1.648670 	 40.009000 
1.649520 	 40.034000 
1.650560 	 40.059000 
1.651500 	 40.084000 
1.652600 	 40.109000 
1.653540 	 40.133000 
1.654410 	 40.158000 
1.656340 	 40.183000 
1.657260 	 40.208000 
1.658110 	 40.233000 
1.658960 	 40.258000 
1.659820 	 40.283000 
1.660670 	 40.308000 
1.673530 	 40.332000 
1.684200 	 40.357000 
1.685050 	 40.382000 
1.685900 	 40.407000 
1.686760 	 40.431000 
1.687610 	 40.456000 
1.688460 	 40.481000 
1.689570 	 40.506000 
1.690420 	 40.530000 
1.691460 	 40.555000 
1.692400 	 40.580000 
1.693510 	 40.604000 
1.694440 	 40.629000 
1.695310 	 40.654000 
1.697240 	 40.678000 
1.698160 	 40.703000 
1.699010 	 40.727000 
1.699860 	 40.752000 
1.700720 	 40.776000 
1.701570 	 40.801000 
1.714430 	 40.825000 
1.725100 	 40.850000 
1.725950 	 40.874000 
1.726810 	 40.899000 
1.727660 	 40.923000 
1.728510 	 40.948000 
1.729360 	 40.972000 
1.730470 	 40.997000 
1.731330 	 41.021000 
1.732370 	 41.045000 
1.733300 	 41.070000 
1.734410 	 41.094000 
1.735340 	 41.118000 
1.736220 	 41.143000 
1.738140 	 41.167000 
1.739060 	 41.191000 
1.739910 	 41.216000 
1.740770 	 41.240000 
1.741620 	 41.264000 
1.742470 	 41.288000 
1.755330 	 41.313000 
1.766000 	 41.337000 
1.766860 	 41.361000 
1.767710 	 41.385000 
1.768560 	 41.409000 
1.769410 	 41.433000 
1.770270 	 41.458000 
1.771380 	 41.482000 
1.772230 	 41.506000 
1.773270 	 41.530000 
1.774200 	 41.554000 
1.775310 	 41.578000 
1.776250 	 41.602000 
1.777120 	 41.626000 
1.779040 	 41.650000 
1.779960 	 41.674000 
1.780820 	 41.698000 
1.781670 	 41.722000 
1.782520 	 41.746000 
1.783380 	 41.770000 
1.796240 	 41.794000 
1.806900 	 41.818000 
1.807760 	 41.842000 
1.808610 	 41.866000 
1.809460 	 41.890000 
1.810320 	 41.913000 
1.811170 	 41.937000 
1.812280 	 41.961000 
1.813130 	 41.985000 
1.814170 	 42.009000 
1.815100 	 42.033000 
1.816210 	 42.056000 
1.817150 	 42.080000 
1.818020 	 42.104000 
1.819940 	 42.128000 
1.820870 	 42.151000 
1.821720 	 42.175000 
1.822570 	 42.199000 
1.823420 	 42.223000 
1.824280 	 42.246000 
1.837140 	 42.270000 
1.847810 	 42.294000 
1.848660 	 42.317000 
1.849510 	 42.341000 
1.850370 	 42.365000 
1.851220 	 42.388000 
1.852070 	 42.412000 
1.853180 	 42.435000 
1.854030 	 42.459000 
1.855070 	 42.482000 
1.856010 	 42.506000 
1.857120 	 42.529000 
1.858050 	 42.553000 
1.858920 	 42.576000 
1.860850 	 42.600000 
1.861770 	 42.623000 
1.862620 	 42.647000 
1.863470 	 42.670000 
1.864330 	 42.694000 
1.865180 	 42.717000 
1.878040 	 42.741000 
1.888710 	 42.764000 
1.889560 	 42.787000 
1.890420 	 42.811000 
1.891270 	 42.834000 
1.892120 	 42.857000 
1.892970 	 42.881000 
1.894080 	 42.904000 
1.894940 	 42.927000 
1.895980 	 42.951000 
1.896910 	 42.974000 
1.898020 	 42.997000 
1.898950 	 43.021000 
1.899830 	 43.044000 
1.901750 	 43.067000 
1.902670 	 43.090000 
1.903520 	 43.113000 
1.904380 	 43.137000 
1.905230 	 43.160000 
1.906080 	 43.183000 
1.918940 	 43.206000 
1.929610 	 43.229000 
1.930460 	 43.252000 
1.931320 	 43.276000 
1.932170 	 43.299000 
1.933020 	 43.322000 
1.933880 	 43.345000 
1.934980 	 43.368000 
1.935840 	 43.391000 
1.936880 	 43.414000 
1.937810 	 43.437000 
1.938920 	 43.460000 
1.939860 	 43.483000 
1.940730 	 43.506000 
1.942650 	 43.529000 
1.943570 	 43.552000 
1.944430 	 43.575000 
1.945280 	 43.598000 
1.946130 	 43.621000 
1.946980 	 43.644000 
1.959850 	 43.667000 
1.970510 	 43.690000 
1.971370 	 43.712000 
1.972220 	 43.735000 
1.973070 	 43.758000 
1.973930 	 43.781000 
1.974780 	 43.804000 
1.975890 	 43.827000 
1.976740 	 43.850000 
1.977780 	 43.872000 
1.978710 	 43.895000 
1.979820 	 43.918000 
1.980760 	 43.941000 
1.981630 	 43.963000 
1.983550 	 43.986000 
1.984480 	 44.009000 
1.985330 	 44.032000 
1.986180 	 44.054000 
1.987030 	 44.077000 
1.987890 	 44.100000 
2.000750 	 44.122000 
2.011420 	 44.145000 
2.012270 	 44.168000 
2.013120 	 44.190000 
2.013980 	 44.213000 
2.014830 	 44.236000 
2.015680 	 44.258000 
2.016790 	 44.281000 
2.017640 	 44.303000 
2.018680 	 44.326000 
2.019620 	 44.349000 
2.020910 	 44.371000 
2.021660 	 44.394000 
2.022530 	 44.416000 
2.024460 	 44.439000 
2.025380 	 44.461000 
2.026230 	 44.484000 
2.027080 	 44.506000 
2.027940 	 44.529000 
2.028790 	 44.551000 
2.228790 	 1.000000 
2.540900 	 2.000000 
2.581800 	 3.000000 
2.582660 	 4.000000 
2.622710 	 5.000000 
2.623560 	 6.000000 
2.624410 	 7.000000 
2.625270 	 8.000000 
2.663610 	 9.000000 
2.664460 	 10.000000 
2.665320 	 11.000000 
2.666170 	 12.000000 
2.667020 	 13.000000 
2.667870 	 14.000000 
2.668730 	 15.000000 
2.669580 	 16.000000 
2.704510 	 17.000000 
2.705360 	 18.000000 
2.706220 	 19.000000 
2.707070 	 20.000000 
2.707920 	 20.050000 
2.708780 	 20.100000 
2.709630 	 20.150000 
2.710480 	 20.199000 
2.711330 	 20.249000 
2.712190 	 20.298000 
2.713040 	 20.347000 
2.713890 	 20.397000 
2.714750 	 20.446000 
2.715600 	 20.494000 
2.716450 	 20.543000 
2.717300 	 20.592000 
2.745410 	 20.641000 
2.746270 	 20.689000 
2.747120 	 20.737000 
2.747970 	 20.786000 
2.748830 	 20.834000 
2.749680 	 20.882000 
2.750530 	 20.930000 
2.751380 	 20.977000 
2.752240 	 21.025000 
2.753090 	 21.073000 
2.753940 	 21.120000 
2.754800 	 21.167000 
2.755650 	 21.215000 
2.756500 	 21.262000 
2.757350 	 21.309000 
2.758210 	 21.356000 
2.759060 	 21.403000 
2.759910 	 21.449000 
2.760760 	 21.496000 
2.761620 	 21.542000 
2.786320 	 21.589000 
2.787170 	 21.635000 
2.788020 	 21.681000 
2.788880 	 21.727000 
2.789730 	 21.773000 
2.790580 	 21.819000 
2.791430 	 21.865000 
2.792290 	 21.911000 
2.793140 	 21.957000 
2.793990 	 22.002000 
2.794840 	 22.048000 
2.795700 	 22.093000 
2.796550 	 22.138000 
2.797400 	 22.183000 
2.798260 	 22.228000 
2.799110 	 22.273000 
2.799960 	 22.318000 
2.800810 	 22.363000 
2.801670 	 22.408000 
2.802520 	 22.453000 
2.827220 	 22.497000 
2.828070 	 22.542000 
2.828920 	 22.586000 
2.829780 	 22.630000 
2.830630 	 22.674000 
2.831480 	 22.718000 
2.832340 	 22.762000 
2.833190 	 22.806000 
2.834040 	 22.850000 
2.834890 	 22.894000 
2.835750 	 22.938000 
2.836600 	 22.981000 
2.837450 	 23.025000 
2.838310 	 23.068000 
2.839160 	 23.112000 
2.840010 	 23.155000 
2.840860 	 23.198000 
2.841720 	 23.241000 
2.842570 	 23.284000 
2.843420 	 23.327000 
2.868120 	 23.370000 
2.868970 	 23.413000 
2.869830 	 23.455000 
2.870680 	 23.498000 
2.871530 	 23.541000 
2.872390 	 23.583000 
2.873240 	 23.626000 
2.874090 	 23.668000 
2.874940 	 23.710000 
2.875800 	 23.752000 
2.876650 	 23.794000 
2.877500 	 23.836000 
2.878360 	 23.878000 
2.879210 	 23.920000 
2.880060 	 23.962000 
2.880910 	 24.004000 
2.881770 	 24.045000 
2.882620 	 24.087000 
2.883470 	 24.129000 
2.884320 	 24.170000 
2.909020 	 24.211000 
2.909880 	 24.253000 
2.910730 	 24.294000 
2.911580 	 24.335000 
2.912440 	 24.376000 
2.913290 	 24.417000 
2.914140 	 24.458000 
2.914990 	 24.499000 
2.915850 	 24.540000 
2.916700 	 24.581000 
2.917550 	 24.621000 
2.918400 	 24.662000 
2.919260 	 24.702000 
2.920110 	 24.743000 
2.920960 	 24.783000 
2.921820 	 24.824000 
2.922670 	 24.864000 
2.923520 	 24.904000 
2.924370 	 24.944000 
2.925230 	 24.984000 
2.949930 	 25.024000 
2.950780 	 25.064000 
2.951630 	 25.104000 
2.952480 	 25.144000 
2.953340 	 25.184000 
2.954190 	 25.224000 
2.955040 	 25.263000 
2.955900 	 25.303000 
2.956750 	 25.342000 
2.957600 	 25.382000 
2.958450 	 25.421000 
2.959310 	 25.461000 
2.960160 	 25.500000 
2.961010 	 25.539000 
2.961870 	 25.578000 
2.962720 	 25.617000 
2.963570 	 25.656000 
2.964420 	 25.695000 
2.965280 	 25.734000 
2.966130 	 25.773000 
2.990830 	 25.812000 
2.991680 	 25.851000 
2.992530 	 25.889000 
2.993390 	 25.928000 
2.994240 	 25.967000 
2.995090 	 26.005000 
2.995950 	 26.044000 
2.996800 	 26.082000 
2.997650 	 26.120000 
2.998500 	 26.159000 
2.999360 	 26.197000 
3.000210 	 26.235000 
3.001060 	 26.273000 
3.001920 	 26.311000 
3.002770 	 26.349000 
3.003620 	 26.387000 
3.004470 	 26.425000 
3.005330 	 26.463000 
3.006180 	 26.501000 
3.007030 	 26.538000 
3.031730 	 26.576000 
3.032580 	 26.614000 
3.033440 	 26.651000 
3.034290 	 26.689000 
3.035140 	 26.726000 
3.036000 	 26.764000 
3.036850 	 26.801000 
3.037700 	 26.838000 
3.038550 	 26.876000 
3.039410 	 26.913000 
3.040260 	 26.950000 
3.041110 	 26.987000 
3.041960 	 27.024000 
3.042820 	 27.061000 
3.043670 	 27.098000 
3.044520 	 27.135000 
3.045380 	 27.172000 
3.046230 	 27.209000 
3.047080 	 27.245000 
3.047930 	 27.282000 
3.072630 	 27.319000 
3.073490 	 27.355000 
3.074340 	 27.392000 
3.075190 	 27.428000 
3.076040 	 27.465000 
3.076900 	 27.501000 
3.077750 	 27.538000 
3.078600 	 27.574000 
3.079460 	 27.610000 
3.080310 	 27.646000 
3.081160 	 27.683000 
3.082010 	 27.719000 
3.082870 	 27.755000 
3.083720 	 27.791000 
3.084570 	 27.827000 
3.085430 	 27.863000 
3.086280 	 27.899000 
3.087130 	 27.934000 
3.087980 	 27.970000 
3.088840 	 28.006000 
3.113540 	 28.042000 
3.114390 	 28.077000 
3.115240 	 28.113000 
3.116090 	 28.149000 
3.116950 	 28.184000 
3.117800 	 28.220000 
3.118650 	 28.255000 
3.119510 	 28.290000 
3.120360 	 28.326000 
3.121210 	 28.361000 
3.122060 	 28.396000 
3.122920 	 28.432000 
3.123770 	 28.467000 
3.124620 	 28.502000 
3.125480 	 28.537000 
3.126330 	 28.572000 
3.127180 	 28.607000 
3.128030 	 28.642000 
3.128890 	 28.677000 
3.129740 	 28.712000 
3.154440 	 28.747000 
3.155290 	 28.781000 
3.156140 	 28.816000 
3.157000 	 28.851000 
3.157850 	 28.885000 
3.158700 	 28.920000 
3.159560 	 28.955000 
3.160410 	 28.989000 
3.161260 	 29.024000 
3.162110 	 29.058000 
3.162970 	 29.093000 
3.163820 	 29.127000 
3.164670 	 29.161000 
3.165520 	 29.196000 
3.166380 	 29.230000 
3.167230 	 29.264000 
3.168080 	 29.298000 
3.168940 	 29.332000 
3.169790 	 29.366000 
3.170640 	 29.400000 
3.195340 	 29.434000 
3.196190 	 29.468000 
3.197050 	 29.502000 
3.197900 	 29.536000 
3.198750 	 29.570000 
3.199600 	 29.604000 
3.200460 	 29.638000 
3.201310 	 29.671000 
3.202160 	 29.705000 
3.203020 	 29.739000 
3.203870 	 29.772000 
3.204720 	 29.806000 
3.205570 	 29.840000 
3.206430 	 29.873000 
3.207280 	 29.907000 
3.208130 	 29.940000 
3.208990 	 29.973000 
3.209840 	 30.007000 
3.210690 	 30.040000 
3.211540 	 30.073000 
3.236240 	 30.107000 
3.237100 	 30.140000 
3.237950 	 30.173000 
3.238800 	 30.206000 
3.239650 	 30.239000 
3.240510 	 30.272000 
3.241360 	 30.305000 
3.242210 	 30.338000 
3.243070 	 30.371000 
3.243920 	 30.404000 
3.244770 	 30.437000 
3.245620 	 30.470000 
3.246480 	 30.503000 
3.247330 	 30.536000 
3.248180 	 30.568000 
3.249040 	 30.601000 
3.249890 	 30.634000 
3.250740 	 30.666000 
3.251590 	 30.699000 
3.252450 	 30.732000 
3.277150 	 30.764000 
3.278000 	 30.797000 
3.278850 	 30.829000 
3.279700 	 30.862000 
3.280560 	 30.894000 
3.281410 	 30.926000 
3.282260 	 30.959000 
3.283120 	 30.991000 
3.283970 	 31.023000 
3.284820 	 31.055000 
3.285670 	 31.088000 
3.286530 	 31.120000 
3.287380 	 31.152000 
3.288230 	 31.184000 
3.289080 	 31.216000 
3.289940 	 31.248000 
3.290790 	 31.280000 
3.291640 	 31.312000 
3.292500 	 31.344000 
3.293350 	 31.376000 
3.318050 	 31.408000 
3.318900 	 31.440000 
3.319750 	 31.471000 
3.320610 	 31.503000 
3.321460 	 31.535000 
3.322310 	 31.567000 
3.323160 	 31.598000 
3.324020 	 31.630000 
3.324870 	 31.662000 
3.325720 	 31.693000 
3.326580 	 31.725000 
3.327430 	 31.756000 
3.328280 	 31.788000 
3.329130 	 31.819000 
3.329990 	 31.851000 
3.330840 	 31.882000 
3.331690 	 31.913000 
3.332550 	 31.945000 
3.333400 	 31.976000 
3.334250 	 32.007000 
3.358950 	 32.039000 
3.359800 	 32.070000 
3.360660 	 32.101000 
3.361510 	 32.132000 
3.362360 	 32.163000 
3.363210 	 32.194000 
3.364070 	 32.225000 
3.364920 	 32.256000 
3.365770 	 32.287000 
3.366630 	 32.318000 
3.367480 	 32.349000 
3.368330 	 32.380000 
3.369180 	 32.411000 
3.370040 	 32.442000 
3.370890 	 32.473000 
3.371740 	 32.504000 
3.372600 	 32.534000 
3.373450 	 32.565000 
3.374300 	 32.596000 
3.375150 	 32.627000 
3.399850 	 32.657000 
3.400710 	 32.688000 
3.401560 	 32.718000 
3.402410 	 32.749000 
3.403260 	 32.779000 
3.404120 	 32.810000 
3.404970 	 32.840000 
3.405820 	 32.871000 
3.406680 	 32.901000 
3.407530 	 32.932000 
3.408380 	 32.962000 
3.409230 	 32.992000 
3.410090 	 33.023000 
3.410940 	 33.053000 
3.411790 	 33.083000 
3.412640 	 33.114000 
3.413500 	 33.144000 
3.414350 	 33.174000 
3.415200 	 33.204000 
3.416060 	 33.234000 
3.440760 	 33.264000 
3.441610 	 33.294000 
3.442460 	 33.324000 
3.443310 	 33.354000 
3.444170 	 33.384000 
3.445020 	 33.414000 
3.445870 	 33.444000 
3.446720 	 33.474000 
3.447580 	 33.504000 
3.448430 	 33.534000 
3.449280 	 33.564000 
3.450140 	 33.593000 
3.450990 	 33.623000 
3.451840 	 33.653000 
3.452690 	 33.683000 
3.453550 	 33.712000 
3.454400 	 33.742000 
3.455250 	 33.772000 
3.456110 	 33.801000 
3.456960 	 33.831000 
3.481660 	 33.860000 
3.482510 	 33.890000 
3.483360 	 33.919000 
3.484220 	 33.949000 
3.485070 	 33.978000 
3.485920 	 34.008000 
3.486770 	 34.037000 
3.487630 	 34.067000 
3.488480 	 34.096000 
3.489330 	 34.125000 
3.490190 	 34.155000 
3.491040 	 34.184000 
3.491890 	 34.213000 
3.492740 	 34.242000 
3.493600 	 34.272000 
3.494450 	 34.301000 
3.495300 	 34.330000 
3.496160 	 34.359000 
3.497010 	 34.388000 
3.497860 	 34.417000 
3.522560 	 34.446000 
3.523410 	 34.475000 
3.524270 	 34.504000 
3.525120 	 34.533000 
3.525970 	 34.562000 
3.526820 	 34.591000 
3.527680 	 34.620000 
3.528530 	 34.649000 
3.529380 	 34.678000 
3.530240 	 34.707000 
3.531090 	 34.735000 
3.531940 	 34.764000 
3.532790 	 34.793000 
3.533650 	 34.822000 
3.534500 	 34.850000 
3.535350 	 34.879000 
3.536200 	 34.908000 
3.537060 	 34.936000 
3.537910 	 34.965000 
3.538760 	 34.994000 
3.563460 	 35.022000 
3.564320 	 35.051000 
3.565170 	 35.079000 
3.566020 	 35.108000 
3.566870 	 35.136000 
3.567730 	 35.165000 
3.568580 	 35.193000 
3.569430 	 35.222000 
3.570280 	 35.250000 
3.571140 	 35.278000 
3.571990 	 35.307000 
3.572840 	 35.335000 
3.573700 	 35.363000 
3.574550 	 35.392000 
3.575400 	 35.420000 
3.576250 	 35.448000 
3.577110 	 35.476000 
3.577960 	 35.505000 
3.578810 	 35.533000 
3.579670 	 35.561000 
3.604360 	 35.589000 
3.605220 	 35.617000 
3.606070 	 35.645000 
3.606920 	 35.673000 
3.607780 	 35.701000 
3.608630 	 35.729000 
3.609480 	 35.757000 
3.610330 	 35.785000 
3.611190 	 35.813000 
3.612040 	 35.841000 
3.612890 	 35.869000 
3.613750 	 35.897000 
3.614600 	 35.925000 
3.615450 	 35.953000 
3.616300 	 35.980000 
3.617160 	 36.008000 
3.618010 	 36.036000 
3.618860 	 36.064000 
3.619720 	 36.091000 
3.620570 	 36.119000 
3.645270 	 36.147000 
3.646120 	 36.174000 
3.646970 	 36.202000 
3.647830 	 36.230000 
3.648680 	 36.257000 
3.649530 	 36.285000 
3.650380 	 36.312000 
3.651240 	 36.340000 
3.652090 	 36.368000 
3.652940 	 36.395000 
3.653800 	 36.423000 
3.654650 	 36.450000 
3.655500 	 36.477000 
3.656350 	 36.505000 
3.657210 	 36.532000 
3.658060 	 36.560000 
3.658910 	 36.587000 
3.659760 	 36.614000 
3.660620 	 36.642000 
3.661470 	 36.669000 
3.686170 	 36.696000 
3.687020 	 36.723000 
3.687880 	 36.751000 
3.688730 	 36.778000 
3.689580 	 36.805000 
3.690430 	 36.832000 
3.691290 	 36.859000 
3.692140 	 36.886000 
3.692990 	 36.914000 
3.693840 	 36.941000 
3.694700 	 36.968000 
3.695550 	 36.995000 
3.696400 	 37.022000 
3.697260 	 37.049000 
3.698110 	 37.076000 
3.698960 	 37.103000 
3.699810 	 37.130000 
3.700670 	 37.157000 
3.701520 	 37.184000 
3.702370 	 37.210000 
3.727070 	 37.237000 
3.727920 	 37.264000 
3.728780 	 37.291000 
3.729630 	 37.318000 
3.730480 	 37.345000 
3.731340 	 37.371000 
3.732190 	 37.398000 
3.733040 	 37.425000 
3.733890 	 37.452000 
3.734750 	 37.478000 
3.735600 	 37.505000 
3.736450 	 37.532000 
3.737310 	 37.558000 
3.738160 	 37.585000 
3.739010 	 37.612000 
3.739860 	 37.638000 
3.740720 	 37.665000 
3.741570 	 37.691000 
3.742420 	 37.718000 
3.743280 	 37.744000 
3.767970 	 37.771000 
3.768830 	 37.797000 
3.769680 	 37.824000 
3.770530 	 37.850000 
3.771390 	 37.877000 
3.772240 	 37.903000 
3.773090 	 37.929000 
3.773940 	 37.956000 
3.774800 	 37.982000 
3.775650 	 38.008000 
3.776500 	 38.035000 
3.777360 	 38.061000 
3.778210 	 38.087000 
3.779060 	 38.114000 
3.779910 	 38.140000 
3.780770 	 38.166000 
3.781620 	 38.192000 
3.782470 	 38.218000 
3.783320 	 38.245000 
3.784180 	 38.271000 
3.808880 	 38.297000 
3.809730 	 38.323000 
3.810580 	 38.349000 
3.811440 	 38.375000 
3.812290 	 38.401000 
3.813140 	 38.427000 
3.813990 	 38.453000 
3.814850 	 38.479000 
3.815700 	 38.505000 
3.816550 	 38.531000 
3.817400 	 38.557000 
3.818260 	 38.583000 
3.819110 	 38.609000 
3.819960 	 38.635000 
3.820820 	 38.661000 
3.821670 	 38.687000 
3.822520 	 38.713000 
3.823370 	 38.738000 
3.824230 	 38.764000 
3.825080 	 38.790000 
3.849780 	 38.816000 
3.850630 	 38.842000 
3.851480 	 38.867000 
3.852340 	 38.893000 
3.853190 	 38.919000 
3.854040 	 38.944000 
3.854900 	 38.970000 
3.855750 	 38.996000 
3.856600 	 39.021000 
3.857450 	 39.047000 
3.858310 	 39.073000 
3.859160 	 39.098000 
3.860010 	 39.124000 
3.860870 	 39.149000 
3.861720 	 39.175000 
3.862570 	 39.200000 
3.863420 	 39.226000 
3.864280 	 39.251000 
3.865130 	 39.277000 
3.865980 	 39.302000 
3.890680 	 39.328000 
3.891530 	 39.353000 
3.892390 	 39.379000 
3.893240 	 39.404000 
3.894090 	 39.429000 
3.894950 	 39.455000 
3.895800 	 39.480000 
3.896650 	 39.505000 
3.897500 	 39.531000 
3.898360 	 39.556000 
3.899210 	 39.581000 
3.900060 	 39.607000 
3.900920 	 39.632000 
3.901770 	 39.657000 
3.902620 	 39.682000 
3.903470 	 39.708000 
3.904330 	 39.733000 
3.905180 	 39.758000 
3.906030 	 39.783000 
3.906880 	 39.808000 
3.931580 	 39.833000 
3.932440 	 39.858000 
3.933290 	 39.883000 
3.934140 	 39.909000 
3.935000 	 39.934000 
3.935850 	 39.959000 
3.936700 	 39.984000 
3.937550 	 40.009000 
3.938410 	 40.034000 
3.939260 	 40.059000 
3.940110 	 40.084000 
3.940960 	 40.109000 
3.941820 	 40.133000 
3.942670 	 40.158000 
3.943520 	 40.183000 
3.944380 	 40.208000 
3.945230 	 40.233000 
3.946080 	 40.258000 
3.946930 	 40.283000 
3.947790 	 40.308000 
3.972490 	 40.332000 
3.973340 	 40.357000 
3.974190 	 40.382000 
3.975040 	 40.407000 
3.975900 	 40.431000 
3.976750 	 40.456000 
3.977600 	 40.481000 
3.978460 	 40.506000 
3.979310 	 40.530000 
3.980160 	 40.555000 
3.981010 	 40.580000 
3.981870 	 40.604000 
3.982720 	 40.629000 
3.983570 	 40.654000 
3.984430 	 40.678000 
3.985280 	 40.703000 
3.986130 	 40.727000 
3.986980 	 40.752000 
3.987840 	 40.776000 
3.988690 	 40.801000 
4.013390 	 40.825000 
4.014240 	 40.850000 
4.015090 	 40.874000 
4.015950 	 40.899000 
4.016800 	 40.923000 
4.017650 	 40.948000 
4.018510 	 40.972000 
4.019360 	 40.997000 
4.020210 	 41.021000 
4.021060 	 41.045000 
4.021920 	 41.070000 
4.022770 	 41.094000 
4.023620 	 41.118000 
4.024480 	 41.143000 
4.025330 	 41.167000 
4.026180 	 41.191000 
4.027030 	 41.216000 
4.027890 	 41.240000 
4.028740 	 41.264000 
4.029590 	 41.288000 
4.229590 	 1.000000 
